0.00101312427403052441
0.00101235386367862614
0.00101235386367862614
0.00101235386367862614
0.00101235386367862614
0.00101235386367862614
0.00101235386367862614
0.00088118763290077190
0.00072550127213200511
0.00061747344523490331
0.00057951821525977377
0.00057951821525977377
0.00057922191774782401
0.00057922191774782401
0.00057922191774782401
0.00056446031641351857
0.00056446031641351857
0.00056446031641351857
0.00056446031641351857
0.00056446031641351857
0.00056446031641351857
0.00056446031641351857
0.00056446031641351857
0.00056446031641351857
0.00056446031641351857
0.00056446031641351857
0.00056446031641351857
0.00056446031641351857
0.00056446031641351857
0.00056446031641351857
0.00056446031641351857
0.00056260822930665616
0.00056260822930665616
0.00056260822930665616
0.00056260822930665616
0.00056260822930665616
0.00056260822930665616
0.00056260822930665616
0.00056260822930665616
0.00056260822930665616
0.00056260822930665616
0.00037030288207033347
0.00037030288207033347
0.00037030288207033347
0.00037030288207033347
0.00037030288207033347
0.00037030288207033347
0.00037030288207033347
0.00037030288207033347
0.00037030288207033347
